--------------------------------------------
Model confusion matrix: 
 [[ 0  0  0  0  0  0 46  0  0  0  0  0  0  0  1  1  0  0]
 [ 0  0  0  0  0  0 21  0  0  0  0  0  0  0  0  0  0  0]
 [ 0  0  0  0  0  0  9  0  0  0  0  0  0  0  0  0  0  0]
 [ 0  0  0  0  0  0  9  0  0  0  0  0  0  0  0  0  0  0]
 [ 0  0  0  0  0  0  1  0  0  0  0  0  0  0  0  0  0  0]
 [ 0  0  0  0  0  0  1  0  0  0  0  0  0  0  0  0  0  0]
 [ 0  0  0  0  0  0 34  0  0  0  0  0  0  0  0  0  0  0]
 [ 0  0  0  0  0  0  5  0  0  0  0  0  0  0  0  0  0  0]
 [ 0  0  0  0  0  0  8  0  0  0  0  0  0  0  0  0  0  0]
 [ 0  0  0  0  0  0  1  0  0  0  0  0  0  0  0  0  0  0]
 [ 0  0  0  0  0  0 17  0  0  0  0  0  0  0  0  0  0  0]
 [ 0  0  0  0  0  0 30  0  0  0  0  0  0  0  0  0  0  0]
 [ 0  0  0  0  0  0 11  0  0  0  0  0  0  0  0  0  0  0]
 [ 0  0  0  0  0  0 13  0  0  0  0  0  0  0  0  0  0  0]
 [ 0  0  0  0  0  0  1  0  0  0  0  0  0  0  0  0  0  0]
 [ 0  0  0  0  0  0  4  0  0  0  0  0  0  0  0  0  0  0]
 [ 0  0  0  0  0  0  3  0  0  0  0  0  0  0  0  0  0  0]
 [ 0  0  0  0  0  0  5  0  0  0  0  0  0  0  0  0  0  0]]
--------------------------------------------
Model classification report: 
                  precision    recall  f1-score   support

     Aegean-sea       0.00      0.00      0.00        48
     Asia-minor       0.00      0.00      0.00        21
 Central-Greece       0.00      0.00      0.00         9
          Crete       0.00      0.00      0.00         9
         Cyprus       0.00      0.00      0.00         1
          Egypt       0.00      0.00      0.00         1
         Epirus       0.16      1.00      0.27        34
         Euboea       0.00      0.00      0.00         5
     Ionian-sea       0.00      0.00      0.00         8
        Kythira       0.00      0.00      0.00         1
      Macedonia       0.00      0.00      0.00        17
Mainland-Greece       0.00      0.00      0.00        30
    Peloponnese       0.00      0.00      0.00        11
         Pontus       0.00      0.00      0.00        13
        Romania       0.00      0.00      0.00         1
 Southern-Italy       0.00      0.00      0.00         4
       Thessaly       0.00      0.00      0.00         3
         Thrace       0.00      0.00      0.00         5

       accuracy                           0.15       221
      macro avg       0.01      0.06      0.01       221
   weighted avg       0.02      0.15      0.04       221

--------------------------------------------
Model accuracy:  0.15384615384615385
--------------------------------------------
--------------------------------------------
Model confusion matrix: 
 [[ 1  0  0  0  0  0  0  0  0  0  0 47  0  0  0  0  0  0]
 [ 0  0  0  0  0  0  0  0  0  0  0 22  0  0  0  0  0  0]
 [ 0  0  0  0  0  0  0  0  0  0  0  9  0  0  0  0  0  0]
 [ 0  0  0  0  0  0  0  0  0  0  0  8  0  0  0  0  0  0]
 [ 0  0  0  0  0  0  0  0  0  0  0  1  0  0  0  0  0  0]
 [ 0  0  0  0  0  0  0  0  0  0  0  1  0  0  0  0  0  0]
 [ 0  0  0  0  0  0  0  0  0  0  0 33  0  0  0  0  0  0]
 [ 0  0  0  0  0  0  0  0  0  0  0  5  0  0  0  0  0  0]
 [ 0  0  0  0  0  0  0  0  0  0  0  8  0  0  0  0  0  0]
 [ 0  0  0  0  0  0  0  0  0  0  0  1  0  0  0  0  0  0]
 [ 0  0  0  0  0  0  0  0  0  0  0 17  0  0  0  0  0  0]
 [ 0  0  0  0  0  0  0  0  0  0  0 30  0  0  0  0  0  0]
 [ 0  0  0  0  0  0  0  0  0  0  0 11  0  0  0  0  0  0]
 [ 0  0  0  0  0  0  0  0  0  0  0 14  0  0  0  0  0  0]
 [ 0  0  0  0  0  0  0  0  0  0  0  1  0  0  0  0  0  0]
 [ 0  0  0  0  0  0  0  0  0  0  0  5  0  0  0  0  0  0]
 [ 0  0  0  0  0  0  0  0  0  0  0  3  0  0  0  0  0  0]
 [ 0  0  0  0  0  0  0  0  0  0  0  4  0  0  0  0  0  0]]
--------------------------------------------
Model classification report: 
                  precision    recall  f1-score   support

     Aegean-sea       1.00      0.02      0.04        48
     Asia-minor       0.00      0.00      0.00        22
 Central-Greece       0.00      0.00      0.00         9
          Crete       0.00      0.00      0.00         8
         Cyprus       0.00      0.00      0.00         1
          Egypt       0.00      0.00      0.00         1
         Epirus       0.00      0.00      0.00        33
         Euboea       0.00      0.00      0.00         5
     Ionian-sea       0.00      0.00      0.00         8
        Kythira       0.00      0.00      0.00         1
      Macedonia       0.00      0.00      0.00        17
Mainland-Greece       0.14      1.00      0.24        30
    Peloponnese       0.00      0.00      0.00        11
         Pontus       0.00      0.00      0.00        14
        Romania       0.00      0.00      0.00         1
 Southern-Italy       0.00      0.00      0.00         5
       Thessaly       0.00      0.00      0.00         3
         Thrace       0.00      0.00      0.00         4

       accuracy                           0.14       221
      macro avg       0.06      0.06      0.02       221
   weighted avg       0.24      0.14      0.04       221

--------------------------------------------
Model accuracy:  0.14027149321266968
--------------------------------------------
--------------------------------------------
Model confusion matrix: 
 [[48  0  0  0  0  0  0  0  0  0  0  0  0  0  0  0  0  0]
 [21  0  0  0  0  0  0  0  0  0  0  0  0  0  0  0  0  0]
 [ 9  0  0  0  0  0  0  0  0  0  0  0  0  0  0  0  0  0]
 [ 8  0  0  0  0  0  0  0  0  0  0  0  0  0  0  0  0  0]
 [ 2  0  0  0  0  0  0  0  0  0  0  0  0  0  0  0  0  0]
 [ 1  0  0  0  0  0  0  0  0  0  0  0  0  0  0  0  0  0]
 [34  0  0  0  0  0  0  0  0  0  0  0  0  0  0  0  0  0]
 [ 5  0  0  0  0  0  0  0  0  0  0  0  0  0  0  0  0  0]
 [ 8  0  0  0  0  0  0  0  0  0  0  0  0  0  0  0  0  0]
 [ 1  0  0  0  0  0  0  0  0  0  0  0  0  0  0  0  0  0]
 [17  0  0  0  0  0  0  0  0  0  0  0  0  0  0  0  0  0]
 [30  0  0  0  0  0  0  0  0  0  0  0  0  0  0  0  0  0]
 [11  0  0  0  0  0  0  0  0  0  0  0  0  0  0  0  0  0]
 [13  0  0  0  0  0  0  0  0  0  0  0  0  0  0  0  0  0]
 [ 1  0  0  0  0  0  0  0  0  0  0  0  0  0  0  0  0  0]
 [ 5  0  0  0  0  0  0  0  0  0  0  0  0  0  0  0  0  0]
 [ 3  0  0  0  0  0  0  0  0  0  0  0  0  0  0  0  0  0]
 [ 4  0  0  0  0  0  0  0  0  0  0  0  0  0  0  0  0  0]]
--------------------------------------------
Model classification report: 
                  precision    recall  f1-score   support

     Aegean-sea       0.22      1.00      0.36        48
     Asia-minor       0.00      0.00      0.00        21
 Central-Greece       0.00      0.00      0.00         9
          Crete       0.00      0.00      0.00         8
         Cyprus       0.00      0.00      0.00         2
          Egypt       0.00      0.00      0.00         1
         Epirus       0.00      0.00      0.00        34
         Euboea       0.00      0.00      0.00         5
     Ionian-sea       0.00      0.00      0.00         8
        Kythira       0.00      0.00      0.00         1
      Macedonia       0.00      0.00      0.00        17
Mainland-Greece       0.00      0.00      0.00        30
    Peloponnese       0.00      0.00      0.00        11
         Pontus       0.00      0.00      0.00        13
        Romania       0.00      0.00      0.00         1
 Southern-Italy       0.00      0.00      0.00         5
       Thessaly       0.00      0.00      0.00         3
         Thrace       0.00      0.00      0.00         4

       accuracy                           0.22       221
      macro avg       0.01      0.06      0.02       221
   weighted avg       0.05      0.22      0.08       221

--------------------------------------------
Model accuracy:  0.2171945701357466
--------------------------------------------
--------------------------------------------
Model confusion matrix: 
 [[48  0  0  0  0  0  0  0  0  0  0  0  0  0  0  0  0  0]
 [22  0  0  0  0  0  0  0  0  0  0  0  0  0  0  0  0  0]
 [ 9  0  0  0  0  0  0  0  0  0  0  0  0  0  0  0  0  0]
 [ 9  0  0  0  0  0  0  0  0  0  0  0  0  0  0  0  0  0]
 [ 1  0  0  0  0  0  0  0  0  0  0  0  0  0  0  0  0  0]
 [ 1  0  0  0  0  0  0  0  0  0  0  0  0  0  0  0  0  0]
 [32  0  0  0  0  0  0  0  0  0  0  2  0  0  0  0  0  0]
 [ 5  0  0  0  0  0  0  0  0  0  0  0  0  0  0  0  0  0]
 [ 8  0  0  0  0  0  0  0  0  0  0  0  0  0  0  0  0  0]
 [ 1  0  0  0  0  0  0  0  0  0  0  0  0  0  0  0  0  0]
 [17  0  0  0  0  0  0  0  0  0  0  0  0  0  0  0  0  0]
 [30  0  0  0  0  0  0  0  0  0  0  0  0  0  0  0  0  0]
 [ 8  0  0  0  0  0  0  0  0  0  0  2  0  0  0  0  0  0]
 [12  0  0  0  0  0  0  0  0  0  0  1  0  0  0  0  0  0]
 [ 1  0  0  0  0  0  0  0  0  0  0  0  0  0  0  0  0  0]
 [ 5  0  0  0  0  0  0  0  0  0  0  0  0  0  0  0  0  0]
 [ 3  0  0  0  0  0  0  0  0  0  0  0  0  0  0  0  0  0]
 [ 3  0  0  0  0  0  1  0  0  0  0  0  0  0  0  0  0  0]]
--------------------------------------------
Model classification report: 
                  precision    recall  f1-score   support

     Aegean-sea       0.22      1.00      0.37        48
     Asia-minor       0.00      0.00      0.00        22
 Central-Greece       0.00      0.00      0.00         9
          Crete       0.00      0.00      0.00         9
         Cyprus       0.00      0.00      0.00         1
          Egypt       0.00      0.00      0.00         1
         Epirus       0.00      0.00      0.00        34
         Euboea       0.00      0.00      0.00         5
     Ionian-sea       0.00      0.00      0.00         8
        Kythira       0.00      0.00      0.00         1
      Macedonia       0.00      0.00      0.00        17
Mainland-Greece       0.00      0.00      0.00        30
    Peloponnese       0.00      0.00      0.00        10
         Pontus       0.00      0.00      0.00        13
        Romania       0.00      0.00      0.00         1
 Southern-Italy       0.00      0.00      0.00         5
       Thessaly       0.00      0.00      0.00         3
         Thrace       0.00      0.00      0.00         4

       accuracy                           0.22       221
      macro avg       0.01      0.06      0.02       221
   weighted avg       0.05      0.22      0.08       221

--------------------------------------------
Model accuracy:  0.2171945701357466
--------------------------------------------
--------------------------------------------
Model confusion matrix: 
 [[48  0  0  0  0  0  0  0  0  0  0  0  0  0  0  0  0  0]
 [22  0  0  0  0  0  0  0  0  0  0  0  0  0  0  0  0  0]
 [ 9  0  0  0  0  0  0  0  0  0  0  0  0  0  0  0  0  0]
 [ 9  0  0  0  0  0  0  0  0  0  0  0  0  0  0  0  0  0]
 [ 1  0  0  0  0  0  0  0  0  0  0  1  0  0  0  0  0  0]
 [ 1  0  0  0  0  0  0  0  0  0  0  0  0  0  0  0  0  0]
 [33  0  0  0  0  0  0  0  0  0  0  0  0  0  0  0  0  0]
 [ 5  0  0  0  0  0  0  0  0  0  0  0  0  0  0  0  0  0]
 [ 8  0  0  0  0  0  0  0  0  0  0  0  0  0  0  0  0  0]
 [ 1  0  0  0  0  0  0  0  0  0  0  0  0  0  0  0  0  0]
 [17  0  0  0  0  0  0  0  0  0  0  0  0  0  0  0  0  0]
 [29  0  0  0  0  0  0  0  0  0  0  1  0  0  0  0  0  0]
 [11  0  0  0  0  0  0  0  0  0  0  0  0  0  0  0  0  0]
 [13  0  0  0  0  0  0  0  0  0  0  0  0  0  0  0  0  0]
 [ 1  0  0  0  0  0  0  0  0  0  0  0  0  0  0  0  0  0]
 [ 4  0  0  0  0  0  0  0  0  0  0  0  0  0  0  0  0  0]
 [ 3  0  0  0  0  0  0  0  0  0  0  0  0  0  0  0  0  0]
 [ 4  0  0  0  0  0  0  0  0  0  0  0  0  0  0  0  0  0]]
--------------------------------------------
Model classification report: 
                  precision    recall  f1-score   support

     Aegean-sea       0.22      1.00      0.36        48
     Asia-minor       0.00      0.00      0.00        22
 Central-Greece       0.00      0.00      0.00         9
          Crete       0.00      0.00      0.00         9
         Cyprus       0.00      0.00      0.00         2
          Egypt       0.00      0.00      0.00         1
         Epirus       0.00      0.00      0.00        33
         Euboea       0.00      0.00      0.00         5
     Ionian-sea       0.00      0.00      0.00         8
        Kythira       0.00      0.00      0.00         1
      Macedonia       0.00      0.00      0.00        17
Mainland-Greece       0.50      0.03      0.06        30
    Peloponnese       0.00      0.00      0.00        11
         Pontus       0.00      0.00      0.00        13
        Romania       0.00      0.00      0.00         1
 Southern-Italy       0.00      0.00      0.00         4
       Thessaly       0.00      0.00      0.00         3
         Thrace       0.00      0.00      0.00         4

       accuracy                           0.22       221
      macro avg       0.04      0.06      0.02       221
   weighted avg       0.12      0.22      0.09       221

--------------------------------------------
Model accuracy:  0.22171945701357465
--------------------------------------------
--------------------------------------------
Model confusion matrix: 
 [[48  0  0  0  0  0  0  0  0  0  0  0  0  0  0  0  0  0]
 [21  0  0  0  0  0  0  0  0  0  0  0  0  0  0  0  0  0]
 [ 9  0  0  0  0  0  0  0  0  0  0  0  0  0  0  0  0  0]
 [ 9  0  0  0  0  0  0  0  0  0  0  0  0  0  0  0  0  0]
 [ 1  0  0  0  0  0  0  0  0  0  0  0  0  0  0  0  0  0]
 [ 1  0  0  0  0  0  0  0  0  0  0  0  0  0  0  0  0  0]
 [33  0  0  0  0  0  0  0  0  0  0  0  0  0  0  0  0  0]
 [ 5  0  0  0  0  0  0  0  0  0  0  0  0  0  0  0  0  0]
 [ 8  0  0  0  0  0  0  0  0  0  0  0  0  0  0  0  0  0]
 [ 1  0  0  0  0  0  0  0  0  0  0  0  0  0  0  0  0  0]
 [17  0  0  0  0  0  0  0  0  0  0  0  0  0  0  0  0  0]
 [30  0  0  0  0  0  0  0  0  0  0  0  0  0  0  0  0  0]
 [ 9  0  0  0  0  0  0  0  0  0  0  1  0  0  0  0  0  0]
 [14  0  0  0  0  0  0  0  0  0  0  0  0  0  0  0  0  0]
 [ 1  0  0  0  0  0  0  0  0  0  0  0  0  0  0  0  0  0]
 [ 5  0  0  0  0  0  0  0  0  0  0  0  0  0  0  0  0  0]
 [ 3  0  0  0  0  0  0  0  0  0  0  0  0  0  0  0  0  0]
 [ 5  0  0  0  0  0  0  0  0  0  0  0  0  0  0  0  0  0]]
--------------------------------------------
Model classification report: 
                  precision    recall  f1-score   support

     Aegean-sea       0.22      1.00      0.36        48
     Asia-minor       0.00      0.00      0.00        21
 Central-Greece       0.00      0.00      0.00         9
          Crete       0.00      0.00      0.00         9
         Cyprus       0.00      0.00      0.00         1
          Egypt       0.00      0.00      0.00         1
         Epirus       0.00      0.00      0.00        33
         Euboea       0.00      0.00      0.00         5
     Ionian-sea       0.00      0.00      0.00         8
        Kythira       0.00      0.00      0.00         1
      Macedonia       0.00      0.00      0.00        17
Mainland-Greece       0.00      0.00      0.00        30
    Peloponnese       0.00      0.00      0.00        10
         Pontus       0.00      0.00      0.00        14
        Romania       0.00      0.00      0.00         1
 Southern-Italy       0.00      0.00      0.00         5
       Thessaly       0.00      0.00      0.00         3
         Thrace       0.00      0.00      0.00         5

       accuracy                           0.22       221
      macro avg       0.01      0.06      0.02       221
   weighted avg       0.05      0.22      0.08       221

--------------------------------------------
Model accuracy:  0.2171945701357466
--------------------------------------------
--------------------------------------------
Model confusion matrix: 
 [[32  0  0  0  0  0 14  0  0  0  0  2  0  0  0  0  0  0]
 [12  0  0  0  0  0 10  0  0  0  0  0  0  0  0  0  0  0]
 [ 6  0  0  0  0  0  3  0  0  0  0  0  0  0  0  0  0  0]
 [ 6  0  0  0  0  0  3  0  0  0  0  0  0  0  0  0  0  0]
 [ 0  0  0  0  0  0  0  0  0  0  0  1  0  0  0  0  0  0]
 [ 0  0  0  0  0  0  1  0  0  0  0  0  0  0  0  0  0  0]
 [25  0  0  0  0  0  8  0  0  0  0  0  0  0  0  0  0  0]
 [ 5  0  0  0  0  0  0  0  0  0  0  0  0  0  0  0  0  0]
 [ 5  0  0  0  0  0  3  0  0  0  0  0  0  0  0  0  0  0]
 [ 1  0  0  0  0  0  0  0  0  0  0  0  0  0  0  0  0  0]
 [14  0  0  0  0  0  3  0  0  0  0  0  0  0  0  0  0  0]
 [12  0  0  0  0  0 16  0  0  0  0  2  0  0  0  0  0  0]
 [ 8  0  0  0  0  0  1  0  0  0  0  2  0  0  0  0  0  0]
 [ 4  0  0  0  0  0  9  0  0  0  0  0  0  0  0  0  0  0]
 [ 0  0  0  0  0  0  1  0  0  0  0  0  0  0  0  0  0  0]
 [ 2  0  0  0  0  0  3  0  0  0  0  0  0  0  0  0  0  0]
 [ 2  0  0  0  0  0  0  0  0  0  0  1  0  0  0  0  0  0]
 [ 3  0  0  0  0  0  1  0  0  0  0  0  0  0  0  0  0  0]]
--------------------------------------------
Model classification report: 
                  precision    recall  f1-score   support

     Aegean-sea       0.23      0.67      0.35        48
     Asia-minor       0.00      0.00      0.00        22
 Central-Greece       0.00      0.00      0.00         9
          Crete       0.00      0.00      0.00         9
         Cyprus       0.00      0.00      0.00         1
          Egypt       0.00      0.00      0.00         1
         Epirus       0.11      0.24      0.15        33
         Euboea       0.00      0.00      0.00         5
     Ionian-sea       0.00      0.00      0.00         8
        Kythira       0.00      0.00      0.00         1
      Macedonia       0.00      0.00      0.00        17
Mainland-Greece       0.25      0.07      0.11        30
    Peloponnese       0.00      0.00      0.00        11
         Pontus       0.00      0.00      0.00        13
        Romania       0.00      0.00      0.00         1
 Southern-Italy       0.00      0.00      0.00         5
       Thessaly       0.00      0.00      0.00         3
         Thrace       0.00      0.00      0.00         4

       accuracy                           0.19       221
      macro avg       0.03      0.05      0.03       221
   weighted avg       0.10      0.19      0.11       221

--------------------------------------------
Model accuracy:  0.19004524886877827
--------------------------------------------
